









1 1 1 1 1 12026 1851 1 1 1 1 1851 1 1 1 1 1 1 1 1 1 1 1 1851 1851 1851 1 1 4329 1 1 1 1 1 1 1 1851 1 1 1 1 1 1 1 1 1 1 1 1 1 1 1 1 1 10631 1 1 1 1 1 1 1 1 1 1 4329 1 1 1 1 1 1 1 1 1 1 1 1 1 1 1 1 1 1 1 1 12026 1 1 1 1 1 1 1 1 1851 12026 1 1851 1 1 1851 4329 1 1 1 1 1 12026 1 1 1 1 1 1 12026 1 1 1 1 1 1 1 1 1 1 1 1 1 1 1 1 15689 1 1 12026 12026 1 3294 4329 1 1 1 1 22358 
9 1 14477 12026 1 1 1 1 766 8657 1 1 1 14477 4329 3294 8657 1 1 12026 12026 1 1 3294 8657 1 1 1 1 1 1851 1 1 1 1 2293 1 1 1 1 1 1 1851 1851 1 1 1851 1 1 1 1851 4329 1 1851 1 1 1 1 1 12026 12026 1851 1 1 1 1851 12026 1 1 1 1 1 1 1 1851 1 1 1 1 1 1 1 1 1 1 8657 1 1 4329 1 1 1 12026 1 1 1 1851 1851 1 1 1 1 12026 1 8657 1 1 1 1 1 12026 12026 1 1 1 1 1 12026 1 1 12026 1 1 12026 1 4329 1 1851 1 1 1 12026 1 1 1 1 1851 1 1 1 1 1 1 1 1 1 1851 1 1 22359 
10 1 1 1 1 1 1 1 1 1 1 1 1 1 1 1 1 1 1 1 1 1 1 1 1 1 1 1 1 1 1 1 4329 1 1 1 15689 1 1 1 1 1 1 1 1 1 1 2476 1 1 1 1 1 1 1 1 1 1 1 1 1 1 1 1 1 1 1 1 1 4329 1 1 1 1 1 1 1 1 1 1 1 1 1 1 1 1 1 1 1 1 1 1 1 1 1 1 1 1 1 1 1 1 1 1 1 1 4329 1 1 1 1 1 1 1 1 1 1 1 1 1 1 1 1 1 1 1 1 1 1 1 1 1 1 1 1851 1 1 1851 1 1 12026 1 1 4329 12026 1851 1 1 1 22360 
11 1 1 1 1 1 1 1 8657 1 1 1 8657 4329 1 1 1 1 1 1 1 1 1 1 1 1 1 1 1 1 1 1 1 1 1 1 1 1 1 1 1 1 1 1 5539 1 1 1 12026 1 4329 1 1 1 1 1 1 1 1 1 1 1 1 1 1 1 1 1 1 1 1 12026 1 1 1 1851 1851 1 1 1 1851 1 1 1 13654 1 1 4329 1 1851 1 1 1 1 1 1 1 1 1 1 1 1 1 1 17083 3294 1 1 1 1 1 1851 1 1 1 1 1 1 1 1 1851 1 1 3294 4329 1 1 1 1 1 1 1 1 1 12026 1 1 1 1 1 1 1 1 1 1 1 1 1851 1 22361 
